system_info
Node:DESKTOP-AGT0KJR
System:Windows
Version:10.0.26200
Machine:AMD64
python_version:3.11.15
usage_total:297.08507537841797
usage_used:248.28908920288086
usage_free:48.79598617553711
subprocess_Total:17.622657775878906
subprocess_Free:31.817794799804688
CPU_COUNT:20
